012053331219
014744660015
0150027900515
0155487380917
0166790812128
0194021108712
0210198640127
0219220227418
0238588409223
0256716955026
0285631067215
0294138886823
0313390540217
0334816698724
0338458649710
0363228965800
0363721826713
0364687971222
0376353897112
0389220391128
0393199907225
041911485722
0447198048312
0462699892622
0474290584024
0480085646428
0488357052317
0493288854424
0496341906327
0502688311316
0505783078517
0515990253512
0526748040023
0541320528015
0545353563812
0557180142229
0558039843819
0603490586517
0604811710522
0607691439013
0613297818326
0618560932311
0638497389621
064601872511
0646954957610
069436402021
07012286624
0721509806321
0741225202024
0758652610
0766496753128
0784309503313
0787533297400
0787584650516
0788526088220
0800956862429
0802546764724
0819601620927
0832311880029
0866055333028
0867950366726
0914002106327
0932000030511
0954072997110
0955748436811
0956595590924
0962261029919
0973474532717
0982795248728
098412828516
